[15, 18, 10, 13, 16, 5, 0, 11, 4, 20, 1, 2, 19, 12, 21, 9, 8, 6, 3, 14, 22, 23, 17, 7]
[2, 3, 17, 0, 11, 18, 8, 4, 1, 20, 16, 12, 9, 7, 19, 13, 6, 5, 15, 14, 10, 21]
[4, 5, 9, 1, 2, 14, 10, 8, 7, 3, 12, 13, 11, 6, 0]
[12, 17, 8, 4, 5, 3, 9, 13, 11, 6, 15, 2, 1, 10, 0, 16, 7, 14]
[7, 0, 4, 14, 25, 9, 6, 21, 32, 12, 23, 22, 33, 20, 31, 2, 18, 29, 19, 30, 10, 11, 5, 8, 17, 28, 13, 24, 1, 16, 27, 15, 26, 3]
[0, 14, 2, 9, 3, 8, 7, 10, 12, 1, 6, 4, 5, 11, 13, 15]
[6, 7, 4, 0, 11, 2, 1, 12, 16, 8, 5, 17, 10, 9, 13, 14, 3, 15]
[0, 10, 14, 13, 17, 3, 1, 5, 12, 7, 16, 9, 6, 8, 15, 2, 11, 4]
[3, 4, 2, 5, 6, 0, 1]
[0, 10, 1, 17, 5, 13, 20, 11, 19, 6, 8, 2, 21, 15, 3, 7, 9, 16, 4, 12, 14, 18]
[0, 14, 13, 4, 8, 5, 11, 1, 10, 9, 7, 12, 6, 2, 3]
[0, 8, 20, 25, 10, 12, 15, 1, 23, 22, 24, 18, 17, 7, 21, 11, 3, 9, 19, 26, 14, 2, 4, 16, 5, 6, 13]
[4, 20, 6, 1, 5, 17, 25, 2, 7, 0, 23, 3, 18, 24, 8, 21, 19, 13, 11, 12, 15, 26, 28, 9, 22, 16, 10, 27, 14]
[19, 10, 21, 15, 13, 14, 4, 0, 17, 9, 11, 12, 6, 5, 18, 2, 1, 3, 16, 22, 20, 7, 8]
[5, 0, 11, 3, 4, 12, 21, 1, 9, 10, 13, 7, 23, 19, 14, 27, 6, 16, 2, 22, 24, 20, 26, 8, 25, 18, 15, 17]
[13, 30, 10, 35, 23, 15, 32, 0, 22, 19, 20, 31, 36, 21, 24, 34, 3, 29, 4, 1, 25, 28, 14, 16, 11, 27, 2, 37, 5, 6, 18, 12, 26, 8, 17, 7, 33, 9]
[2, 3, 4, 5, 6, 0, 1, 7]
[11, 10, 15, 2, 5, 0, 19, 17, 23, 3, 16, 6, 1, 9, 21, 20, 12, 13, 18, 22, 7, 8, 14, 4]
[8, 18, 29, 30, 10, 0, 20, 6, 16, 23, 19, 9, 25, 1, 11, 26, 5, 15, 4, 12, 2, 3, 13, 14, 28, 21, 7, 17, 27, 22, 24]
[1, 5, 3, 20, 6, 10, 4, 0, 21, 26, 22, 15, 24, 9, 2, 17, 11, 12, 8, 16, 18, 19, 13, 14, 7, 23, 25]
[15, 1, 2, 21, 3, 7, 16, 9, 12, 0, 6, 8, 5, 14, 18, 20, 17, 10, 11, 4, 19, 13]
[16, 4, 1, 9, 7, 15, 12, 3, 11, 0, 8, 5, 13, 2, 10, 18, 6, 14, 21, 17, 20, 19, 25, 22, 24, 23]
[34, 5, 7, 32, 0, 3, 15, 16, 18, 13, 19, 22, 1, 4, 26, 10, 37, 29, 35, 14, 33, 25, 24, 6, 8, 11, 23, 30, 9, 17, 28, 38, 20, 36, 27, 21, 31, 12, 2, 39]
[14, 16, 2, 0, 4, 8, 1, 3, 18, 13, 6, 11, 7, 10, 9, 17, 5, 15, 12]
[10, 0, 8, 15, 6, 13, 18, 17, 16, 21, 4, 19, 1, 7, 12, 9, 14, 3, 11, 20, 5, 2]
[26, 10, 2, 28, 23, 15, 9, 0, 12, 17, 21, 7, 16, 5, 22, 4, 8, 25, 3, 13, 19, 24, 14, 18, 27, 29, 11, 1, 6, 20]
[6, 16, 4, 28, 2, 19, 8, 15, 24, 1, 17, 3, 13, 5, 23, 26, 11, 21, 22, 20, 12, 31, 0, 18, 25, 14, 27, 9, 7, 29, 30, 10]
[4, 16, 12, 9, 18, 3, 26, 0, 23, 27, 28, 5, 22, 6, 25, 8, 1, 13, 7, 24, 20, 14, 2, 10, 21, 11, 19, 17, 15]
[0, 9, 5, 4, 15, 12, 3, 14, 13, 8, 10, 7, 2, 6, 1, 11]
[6, 7, 14, 21, 24, 11, 5, 2, 22, 20, 13, 8, 26, 0, 23, 10, 9, 19, 16, 18, 17, 4, 3, 1, 12, 15, 25]
[16, 15, 13, 11, 3, 20, 0, 5, 25, 29, 18, 9, 17, 4, 21, 2, 22, 1, 12, 6, 14, 24, 27, 26, 28, 19, 7, 23, 8, 10]
[15, 10, 0, 5, 6, 12, 4, 7, 9, 13, 8, 3, 2, 11, 16, 14, 1]
[8, 11, 5, 10, 6, 23, 24, 3, 9, 20, 29, 0, 21, 4, 12, 19, 1, 2, 30, 18, 17, 15, 14, 13, 27, 25, 26, 16, 22, 28, 7]
[3, 2, 6, 14, 7, 11, 0, 9, 4, 13, 10, 12, 17, 5, 15, 16, 1, 8, 18]
[20, 5, 2, 17, 8, 3, 13, 0, 14, 9, 4, 16, 1, 18, 15, 12, 6, 21, 11, 10, 7, 19]
[10, 1, 5, 12, 11, 14, 6, 9, 0, 4, 13, 2, 3, 7, 8]
[25, 13, 12, 5, 10, 24, 11, 19, 2, 14, 9, 23, 8, 0, 3, 18, 15, 1, 16, 17, 20, 4, 21, 6, 22, 7]
[4, 6, 9, 7, 8, 3, 1, 0, 2, 10, 5]
[0, 15, 4, 9, 10, 8, 3, 12, 1, 6, 13, 11, 7, 5, 14, 2]
[3, 2, 19, 32, 33, 11, 24, 20, 7, 4, 9, 22, 18, 31, 21, 34, 13, 26, 16, 29, 5, 12, 25, 10, 23, 0, 15, 28, 14, 27, 8, 1, 6, 17, 30]
[0, 17, 23, 8, 14, 3, 1, 22, 19, 4, 13, 6, 15, 16, 2, 20, 11, 7, 5, 21, 18, 9, 10, 12]
[3, 6, 12, 15, 22, 0, 11, 13, 21, 29, 20, 4, 28, 30, 7, 8, 25, 19, 16, 17, 23, 2, 10, 27, 5, 14, 18, 24, 26, 9, 1]
[4, 15, 9, 5, 16, 22, 8, 3, 11, 0, 14, 21, 2, 13, 20, 17, 7, 18, 10, 6, 1, 12, 19]
[1, 31, 8, 26, 25, 6, 18, 36, 38, 0, 16, 19, 11, 33, 17, 35, 15, 27, 34, 32, 37, 4, 28, 13, 30, 21, 20, 22, 9, 29, 10, 5, 7, 14, 3, 12, 23, 2, 24]
[9, 5, 0, 13, 3, 1, 6, 2, 14, 8, 7, 10, 12, 4, 11]
[14, 16, 22, 4, 9, 24, 23, 13, 10, 25, 21, 18, 19, 15, 20, 26, 5, 2, 3, 17, 8, 0, 7, 6, 12, 11, 27, 1]
[0, 8, 11, 6, 9, 5, 3, 7, 10, 4, 2, 1]
[11, 15, 1, 8, 12, 6, 13, 0, 7, 9, 2, 14, 5, 10, 3, 4]
[6, 16, 4, 18, 8, 0, 9, 1, 21, 19, 7, 5, 17, 11, 14, 2, 10, 15, 12, 20, 13, 3, 22]
[20, 18, 7, 9, 0, 5, 3, 23, 22, 14, 6, 4, 19, 8, 2, 13, 15, 21, 1, 11, 17, 16, 12, 10]