[15, 10, 11, 16, 12, 9, 21, 4, 1, 0, 18, 13, 20, 2, 5, 8, 14, 6, 3, 19, 22, 17, 7, 23]
[17, 0, 11, 2, 1, 8, 12, 18, 3, 19, 6, 5, 13, 15, 9, 4, 20, 14, 16, 7, 10, 21]
[11, 3, 0, 2, 14, 12, 1, 13, 5, 7, 8, 9, 4, 6, 10]
[17, 12, 13, 5, 0, 8, 10, 16, 9, 3, 2, 4, 14, 1, 15, 7, 6, 11]
[12, 23, 7, 0, 33, 22, 25, 14, 6, 20, 31, 21, 32, 11, 13, 24, 19, 30, 4, 5, 15, 26, 17, 28, 9, 18, 29, 16, 27, 8, 1, 2, 10, 3]
[7, 3, 10, 2, 14, 0, 8, 9, 6, 12, 5, 1, 4, 11, 15, 13]
[4, 0, 1, 2, 6, 11, 7, 12, 17, 9, 5, 16, 10, 13, 14, 3, 8, 15]
[0, 10, 5, 3, 8, 1, 6, 13, 17, 9, 12, 14, 7, 16, 11, 2, 15, 4]
[0, 1, 2, 4, 3, 6, 5]
[0, 10, 8, 13, 11, 1, 15, 2, 20, 21, 5, 16, 19, 9, 3, 6, 7, 17, 4, 12, 14, 18]
[0, 8, 4, 13, 14, 11, 10, 7, 5, 2, 12, 9, 1, 6, 3]
[0, 1, 20, 23, 3, 24, 7, 8, 22, 9, 10, 25, 11, 18, 12, 15, 2, 26, 21, 4, 19, 17, 14, 16, 6, 13, 5]
[4, 0, 1, 5, 20, 2, 19, 21, 7, 18, 24, 8, 25, 22, 13, 12, 14, 6, 11, 10, 16, 17, 15, 9, 3, 27, 23, 26, 28]
[21, 9, 19, 13, 15, 14, 10, 11, 5, 0, 12, 4, 16, 17, 1, 20, 2, 6, 18, 3, 22, 7, 8]
[0, 11, 5, 1, 21, 13, 6, 14, 10, 16, 23, 12, 7, 19, 4, 27, 22, 9, 3, 2, 20, 26, 24, 18, 25, 8, 15, 17]
[13, 0, 30, 21, 31, 20, 32, 23, 37, 36, 3, 15, 4, 35, 16, 10, 22, 1, 14, 19, 28, 2, 25, 24, 29, 7, 33, 11, 34, 8, 12, 6, 17, 27, 26, 18, 5, 9]
[5, 0, 1, 4, 2, 3, 6, 7]
[11, 2, 6, 0, 23, 10, 3, 15, 1, 5, 19, 16, 13, 18, 9, 20, 12, 22, 7, 17, 21, 8, 14, 4]
[10, 8, 30, 18, 1, 11, 29, 6, 2, 0, 16, 12, 20, 9, 19, 23, 15, 5, 14, 4, 13, 3, 25, 7, 17, 21, 26, 27, 28, 24, 22]
[0, 5, 10, 6, 2, 3, 20, 1, 15, 4, 22, 11, 8, 9, 24, 12, 26, 17, 21, 16, 7, 14, 19, 23, 13, 18, 25]
[2, 15, 9, 3, 1, 0, 17, 18, 21, 5, 20, 6, 4, 8, 14, 19, 10, 7, 11, 16, 12, 13]
[1, 9, 16, 0, 11, 3, 8, 7, 15, 10, 2, 18, 20, 5, 13, 17, 12, 4, 14, 6, 19, 21, 24, 25, 22, 23]
[0, 3, 16, 29, 34, 18, 1, 25, 13, 7, 32, 5, 24, 19, 4, 15, 22, 23, 37, 33, 6, 30, 26, 14, 10, 9, 17, 35, 11, 8, 36, 31, 28, 27, 2, 20, 21, 38, 12, 39]
[0, 13, 14, 7, 8, 16, 1, 3, 4, 18, 2, 6, 15, 9, 10, 11, 17, 5, 12]
[10, 0, 18, 15, 17, 6, 13, 8, 12, 1, 4, 16, 7, 14, 19, 21, 11, 9, 3, 2, 20, 5]
[10, 23, 2, 12, 17, 0, 26, 8, 28, 13, 5, 7, 18, 4, 15, 9, 22, 3, 25, 21, 16, 1, 24, 6, 19, 14, 29, 11, 27, 20]
[19, 6, 4, 3, 2, 23, 24, 8, 28, 12, 31, 1, 16, 11, 5, 13, 20, 14, 15, 26, 0, 25, 18, 30, 9, 29, 22, 21, 17, 27, 7, 10]
[0, 23, 28, 5, 27, 4, 13, 12, 3, 8, 9, 26, 18, 22, 7, 11, 1, 17, 6, 21, 10, 14, 2, 20, 25, 19, 24, 15, 16]
[0, 5, 9, 15, 4, 8, 3, 14, 6, 12, 13, 11, 2, 1, 10, 7]
[0, 26, 9, 14, 11, 24, 18, 10, 5, 13, 23, 22, 6, 4, 21, 7, 20, 16, 8, 17, 2, 19, 3, 15, 25, 12, 1]
[0, 16, 11, 13, 5, 20, 21, 3, 25, 2, 15, 12, 17, 22, 18, 29, 4, 1, 14, 19, 6, 24, 7, 23, 9, 8, 27, 26, 28, 10]
[9, 11, 12, 2, 13, 7, 10, 5, 0, 8, 4, 15, 14, 6, 3, 16, 1]
[24, 21, 23, 8, 0, 19, 11, 3, 5, 20, 10, 9, 29, 4, 6, 15, 17, 14, 12, 18, 30, 1, 2, 25, 16, 13, 28, 22, 27, 26, 7]
[13, 0, 6, 9, 11, 12, 2, 3, 14, 4, 7, 17, 1, 10, 16, 15, 5, 8, 18]
[17, 13, 20, 0, 14, 3, 4, 9, 5, 6, 2, 1, 15, 16, 12, 18, 8, 10, 11, 19, 21, 7]
[0, 4, 10, 11, 14, 5, 12, 1, 2, 9, 6, 13, 3, 8, 7]
[8, 0, 23, 11, 18, 24, 14, 13, 2, 25, 12, 1, 3, 15, 17, 4, 5, 10, 16, 9, 6, 21, 19, 20, 7, 22]
[7, 0, 1, 10, 8, 2, 3, 4, 9, 6, 5]
[0, 7, 4, 13, 15, 12, 10, 1, 5, 9, 14, 8, 2, 3, 6, 11]
[2, 11, 24, 20, 33, 16, 29, 9, 22, 18, 31, 10, 23, 0, 26, 13, 34, 21, 32, 19, 7, 15, 28, 4, 27, 14, 3, 25, 12, 5, 8, 6, 30, 17, 1]
[19, 1, 0, 3, 22, 8, 16, 17, 23, 5, 4, 2, 15, 20, 7, 13, 6, 14, 18, 9, 11, 10, 21, 12]
[6, 0, 13, 12, 15, 21, 28, 8, 4, 11, 7, 14, 23, 3, 29, 30, 2, 17, 18, 24, 25, 20, 16, 22, 27, 5, 10, 19, 9, 1, 26]
[22, 16, 5, 9, 15, 4, 8, 11, 17, 0, 3, 21, 14, 18, 13, 20, 10, 2, 7, 6, 19, 12, 1]
[36, 0, 25, 26, 1, 8, 31, 35, 18, 20, 4, 16, 21, 11, 38, 37, 6, 30, 33, 34, 19, 28, 29, 27, 32, 15, 17, 9, 22, 10, 3, 14, 12, 7, 13, 23, 2, 5, 24]
[0, 9, 1, 2, 3, 5, 7, 6, 13, 14, 8, 12, 10, 4, 11]
[14, 9, 13, 4, 3, 23, 24, 22, 17, 18, 16, 2, 21, 8, 5, 25, 19, 15, 26, 20, 10, 0, 12, 7, 6, 27, 1, 11]
[9, 6, 11, 8, 0, 10, 7, 4, 3, 2, 5, 1]
[1, 12, 15, 0, 6, 13, 7, 14, 2, 4, 8, 10, 9, 5, 11, 3]
[4, 16, 1, 0, 18, 19, 6, 8, 7, 9, 12, 20, 5, 17, 21, 11, 2, 10, 14, 3, 13, 15, 22]
[0, 18, 22, 5, 23, 4, 7, 20, 14, 19, 8, 6, 3, 13, 9, 15, 2, 21, 17, 11, 12, 1, 16, 10]