[15, 10, 16, 0, 1, 2, 11, 18, 6, 9, 20, 4, 13, 12, 21, 5, 3, 14, 8, 19, 7, 22, 23, 17]
[0, 2, 17, 11, 8, 1, 3, 6, 18, 12, 19, 4, 5, 15, 9, 13, 14, 20, 16, 7, 10, 21]
[3, 11, 0, 12, 1, 2, 5, 14, 8, 13, 4, 7, 9, 6, 10]
[8, 2, 13, 0, 10, 4, 12, 5, 17, 9, 16, 3, 1, 6, 14, 15, 7, 11]
[0, 12, 23, 7, 4, 6, 14, 22, 25, 33, 20, 31, 5, 11, 21, 32, 9, 19, 30, 13, 24, 8, 15, 16, 17, 26, 27, 28, 2, 18, 29, 10, 1, 3]
[2, 7, 3, 10, 5, 8, 0, 1, 9, 14, 6, 12, 4, 11, 13, 15]
[4, 7, 0, 2, 6, 12, 1, 11, 9, 10, 13, 17, 5, 16, 3, 14, 8, 15]
[0, 3, 10, 5, 13, 1, 9, 8, 12, 17, 15, 16, 6, 7, 11, 14, 2, 4]
[0, 4, 2, 1, 3, 6, 5]
[0, 10, 13, 8, 1, 2, 11, 15, 21, 9, 19, 20, 3, 5, 16, 6, 17, 7, 12, 4, 14, 18]
[0, 13, 4, 8, 1, 7, 10, 14, 3, 5, 6, 9, 2, 11, 12]
[0, 18, 20, 1, 12, 15, 22, 7, 24, 3, 8, 23, 25, 9, 10, 11, 19, 21, 26, 2, 4, 14, 17, 5, 6, 16, 13]
[4, 0, 20, 19, 1, 5, 18, 24, 25, 2, 13, 21, 7, 8, 12, 6, 11, 16, 17, 14, 15, 22, 27, 3, 9, 23, 10, 26, 28]
[13, 21, 9, 19, 15, 11, 12, 14, 5, 0, 4, 10, 16, 1, 3, 6, 17, 2, 18, 20, 7, 22, 8]
[0, 11, 5, 7, 13, 1, 21, 23, 6, 10, 16, 4, 14, 19, 12, 27, 3, 9, 20, 22, 2, 24, 26, 8, 18, 25, 15, 17]
[13, 0, 23, 16, 20, 30, 37, 10, 32, 35, 3, 15, 21, 22, 25, 36, 19, 24, 14, 29, 31, 4, 28, 1, 6, 34, 8, 2, 11, 27, 33, 5, 7, 12, 26, 18, 17, 9]
[1, 5, 0, 4, 2, 3, 6, 7]
[2, 11, 3, 5, 23, 0, 6, 10, 19, 15, 1, 16, 13, 18, 20, 7, 9, 17, 22, 8, 12, 21, 14, 4]
[10, 8, 23, 29, 0, 18, 20, 2, 6, 16, 1, 11, 12, 30, 9, 19, 5, 15, 4, 13, 14, 25, 3, 17, 26, 7, 28, 21, 22, 24, 27]
[5, 3, 10, 20, 0, 1, 2, 4, 17, 15, 24, 6, 8, 9, 22, 21, 26, 11, 12, 7, 23, 13, 14, 16, 19, 18, 25]
[3, 17, 9, 15, 0, 1, 2, 5, 8, 14, 7, 6, 4, 11, 21, 10, 20, 12, 16, 18, 19, 13]
[1, 9, 16, 3, 11, 7, 15, 18, 0, 2, 8, 10, 5, 13, 17, 24, 4, 12, 19, 20, 6, 14, 25, 21, 22, 23]
[0, 34, 16, 29, 3, 5, 32, 1, 22, 25, 7, 4, 13, 15, 18, 24, 19, 33, 37, 23, 6, 14, 10, 30, 26, 35, 11, 36, 8, 9, 17, 28, 2, 20, 21, 27, 31, 12, 38, 39]
[0, 14, 4, 13, 1, 3, 8, 2, 7, 16, 11, 15, 9, 18, 6, 10, 17, 5, 12]
[10, 0, 15, 6, 8, 12, 7, 16, 18, 4, 13, 14, 17, 1, 9, 21, 3, 19, 2, 11, 5, 20]
[10, 0, 2, 23, 26, 28, 4, 12, 17, 9, 15, 21, 22, 5, 8, 7, 18, 25, 13, 24, 1, 3, 6, 16, 27, 29, 19, 14, 20, 11]
[6, 19, 23, 4, 2, 28, 3, 24, 1, 16, 8, 12, 13, 15, 20, 5, 11, 26, 0, 31, 9, 14, 18, 25, 30, 21, 22, 17, 27, 29, 7, 10]
[23, 0, 5, 8, 4, 12, 13, 27, 9, 28, 3, 18, 26, 21, 6, 22, 14, 17, 2, 7, 10, 25, 1, 16, 19, 20, 24, 11, 15]
[0, 5, 9, 15, 3, 4, 8, 12, 6, 11, 13, 14, 7, 10, 1, 2]
[24, 26, 0, 9, 14, 5, 18, 10, 11, 4, 6, 21, 22, 2, 7, 13, 20, 23, 16, 17, 8, 19, 3, 1, 25, 15, 12]
[0, 16, 20, 11, 13, 5, 22, 3, 15, 25, 17, 21, 29, 4, 6, 1, 12, 24, 7, 2, 14, 19, 27, 9, 18, 26, 8, 10, 28, 23]
[2, 12, 5, 11, 0, 9, 13, 4, 7, 6, 10, 14, 15, 8, 3, 16, 1]
[24, 23, 8, 9, 5, 21, 10, 20, 0, 4, 19, 6, 11, 14, 3, 12, 30, 15, 17, 29, 18, 1, 2, 13, 22, 25, 27, 28, 16, 26, 7]
[6, 0, 12, 2, 9, 11, 13, 3, 4, 7, 14, 1, 10, 5, 17, 8, 15, 16, 18]
[17, 3, 13, 20, 0, 4, 14, 9, 1, 8, 15, 2, 5, 6, 16, 12, 18, 10, 11, 21, 7, 19]
[0, 11, 4, 5, 12, 14, 1, 10, 2, 6, 9, 7, 3, 8, 13]
[8, 0, 18, 23, 11, 3, 14, 24, 2, 1, 13, 12, 17, 25, 5, 4, 10, 15, 9, 21, 6, 16, 7, 19, 20, 22]
[1, 7, 3, 10, 0, 2, 4, 6, 8, 9, 5]
[7, 0, 4, 5, 9, 12, 13, 6, 8, 10, 1, 2, 3, 14, 15, 11]
[11, 24, 2, 9, 16, 20, 22, 33, 0, 29, 18, 31, 10, 23, 13, 26, 4, 7, 21, 19, 32, 34, 5, 8, 14, 27, 15, 28, 3, 12, 25, 6, 17, 30, 1]
[0, 19, 1, 3, 8, 22, 17, 23, 2, 4, 13, 15, 5, 6, 16, 7, 14, 20, 11, 9, 10, 18, 21, 12]
[0, 12, 4, 6, 13, 15, 8, 21, 11, 14, 23, 29, 7, 2, 28, 3, 17, 24, 30, 18, 20, 25, 16, 22, 5, 10, 27, 19, 9, 26, 1]
[5, 16, 22, 9, 8, 15, 0, 4, 11, 17, 3, 2, 13, 14, 20, 21, 6, 1, 12, 18, 19, 7, 10]
[1, 8, 25, 26, 0, 11, 31, 16, 4, 6, 18, 20, 35, 34, 36, 21, 38, 30, 33, 19, 29, 32, 15, 22, 27, 28, 14, 17, 37, 7, 9, 12, 3, 13, 10, 23, 5, 24, 2]
[2, 0, 1, 3, 9, 5, 13, 6, 7, 8, 14, 12, 4, 10, 11]
[24, 9, 14, 16, 22, 23, 4, 13, 21, 3, 15, 17, 8, 18, 19, 20, 5, 25, 2, 10, 26, 7, 0, 6, 12, 11, 27, 1]
[9, 0, 6, 3, 4, 8, 11, 5, 10, 2, 7, 1]
[1, 15, 0, 12, 7, 9, 13, 6, 11, 2, 4, 5, 8, 14, 10, 3]
[0, 4, 18, 6, 16, 1, 7, 8, 9, 12, 19, 21, 5, 11, 17, 14, 20, 10, 13, 2, 3, 15, 22]
[0, 3, 7, 8, 18, 20, 4, 5, 22, 23, 6, 19, 9, 14, 2, 13, 15, 11, 21, 1, 17, 12, 16, 10]