[10, 15, 18, 16, 11, 12, 0, 1, 2, 21, 9, 20, 4, 13, 6, 14, 3, 5, 8, 19, 7, 22, 23, 17]
[17, 0, 2, 3, 11, 1, 12, 18, 8, 15, 19, 14, 5, 9, 6, 20, 16, 4, 13, 7, 21, 10]
[11, 3, 0, 14, 2, 12, 13, 1, 5, 7, 8, 9, 4, 6, 10]
[8, 2, 13, 17, 12, 16, 1, 4, 10, 0, 5, 3, 9, 7, 6, 11, 14, 15]
[0, 3, 7, 12, 23, 4, 33, 5, 6, 22, 9, 14, 20, 25, 31, 11, 21, 32, 27, 28, 16, 17, 13, 24, 8, 18, 19, 29, 30, 26, 15, 1, 2, 10]
[2, 7, 9, 10, 8, 12, 3, 0, 5, 1, 6, 4, 11, 13, 14, 15]
[2, 4, 0, 7, 1, 6, 12, 15, 17, 11, 9, 10, 13, 3, 5, 16, 14, 8]
[0, 3, 9, 10, 13, 12, 1, 8, 7, 14, 17, 5, 2, 15, 6, 11, 16, 4]
[0, 1, 2, 3, 4, 5, 6]
[0, 10, 13, 1, 11, 8, 15, 2, 20, 19, 21, 5, 16, 6, 9, 17, 3, 7, 4, 12, 14, 18]
[0, 13, 4, 8, 2, 7, 10, 14, 11, 5, 6, 9, 12, 1, 3]
[1, 13, 24, 0, 25, 3, 12, 22, 23, 20, 8, 15, 18, 7, 11, 10, 9, 19, 4, 26, 17, 2, 21, 14, 6, 5, 16]
[4, 0, 20, 2, 19, 1, 21, 8, 18, 5, 22, 12, 24, 13, 25, 14, 6, 17, 7, 15, 16, 11, 10, 3, 9, 27, 23, 26, 28]
[13, 19, 21, 15, 9, 10, 14, 5, 12, 11, 4, 3, 6, 20, 16, 0, 2, 1, 17, 18, 22, 7, 8]
[0, 11, 5, 7, 17, 21, 23, 16, 1, 13, 27, 9, 4, 6, 10, 12, 14, 19, 3, 20, 2, 22, 26, 18, 24, 25, 8, 15]
[13, 0, 37, 30, 15, 20, 23, 32, 35, 36, 10, 16, 31, 3, 21, 22, 4, 19, 24, 25, 1, 14, 29, 2, 11, 34, 18, 28, 26, 6, 27, 17, 5, 8, 12, 7, 33, 9]
[1, 0, 4, 5, 2, 3, 6, 7]
[2, 11, 6, 0, 5, 10, 23, 3, 19, 1, 15, 16, 13, 18, 9, 20, 8, 22, 7, 21, 12, 4, 14, 17]
[10, 30, 0, 8, 23, 18, 29, 2, 12, 20, 1, 6, 11, 16, 9, 19, 4, 5, 14, 15, 3, 13, 25, 7, 27, 17, 26, 21, 24, 28, 22]
[4, 5, 0, 10, 20, 2, 1, 3, 17, 8, 9, 6, 7, 15, 22, 24, 21, 26, 12, 16, 11, 19, 14, 23, 13, 18, 25]
[1, 15, 17, 3, 0, 2, 14, 5, 8, 9, 21, 20, 6, 7, 18, 19, 4, 11, 10, 16, 12, 13]
[1, 9, 7, 15, 16, 0, 2, 3, 10, 11, 18, 8, 20, 21, 4, 6, 12, 14, 19, 24, 5, 13, 17, 22, 25, 23]
[0, 34, 16, 29, 32, 3, 1, 5, 25, 7, 18, 15, 22, 4, 19, 37, 13, 23, 24, 33, 30, 14, 10, 26, 6, 35, 9, 11, 17, 2, 8, 27, 36, 21, 28, 12, 20, 31, 38, 39]
[0, 4, 1, 3, 13, 14, 18, 2, 7, 16, 11, 8, 9, 15, 6, 17, 10, 5, 12]
[10, 18, 0, 17, 12, 15, 6, 8, 13, 14, 16, 7, 3, 4, 19, 1, 9, 21, 11, 2, 5, 20]
[10, 26, 0, 2, 23, 28, 9, 15, 22, 4, 13, 8, 5, 12, 18, 17, 7, 21, 16, 25, 1, 3, 6, 19, 14, 24, 27, 29, 11, 20]
[2, 3, 4, 6, 19, 23, 28, 24, 1, 0, 11, 12, 15, 20, 13, 16, 26, 8, 14, 5, 25, 31, 9, 21, 22, 18, 17, 27, 29, 30, 7, 10]
[0, 5, 27, 23, 8, 9, 12, 28, 4, 26, 13, 3, 6, 18, 10, 25, 14, 21, 2, 16, 20, 22, 24, 1, 7, 11, 17, 15, 19]
[0, 5, 9, 15, 11, 12, 4, 6, 8, 3, 13, 14, 10, 2, 7, 1]
[6, 0, 9, 10, 14, 26, 5, 11, 22, 24, 18, 4, 23, 2, 7, 13, 20, 21, 16, 8, 19, 3, 17, 12, 15, 1, 25]
[16, 0, 11, 13, 5, 20, 25, 15, 3, 24, 17, 29, 22, 6, 12, 21, 1, 2, 4, 7, 9, 18, 26, 8, 14, 19, 23, 27, 10, 28]
[2, 5, 9, 12, 11, 13, 4, 10, 15, 14, 6, 7, 8, 0, 3, 16, 1]
[7, 23, 24, 19, 8, 11, 6, 15, 20, 21, 29, 9, 10, 4, 5, 0, 17, 12, 18, 3, 30, 14, 1, 2, 25, 16, 28, 22, 13, 27, 26]
[13, 6, 2, 3, 12, 11, 14, 0, 4, 9, 7, 10, 15, 17, 8, 1, 5, 18, 16]
[17, 20, 0, 3, 1, 4, 13, 14, 9, 6, 18, 2, 8, 15, 5, 12, 16, 10, 11, 21, 7, 19]
[10, 11, 14, 0, 4, 12, 1, 5, 2, 9, 6, 3, 13, 7, 8]
[8, 18, 23, 11, 14, 24, 0, 17, 5, 12, 1, 13, 2, 25, 3, 9, 15, 4, 10, 6, 19, 21, 16, 22, 7, 20]
[7, 1, 8, 10, 2, 3, 9, 0, 4, 6, 5]
[0, 4, 7, 12, 13, 5, 8, 9, 10, 1, 14, 15, 6, 2, 3, 11]
[1, 11, 24, 2, 9, 22, 16, 20, 29, 33, 31, 0, 18, 3, 13, 26, 4, 19, 32, 34, 10, 21, 23, 7, 5, 8, 27, 28, 14, 15, 12, 25, 6, 17, 30]
[0, 19, 22, 1, 3, 23, 2, 8, 13, 15, 16, 17, 20, 4, 7, 14, 6, 5, 11, 9, 18, 21, 10, 12]
[0, 13, 12, 6, 15, 4, 3, 8, 14, 23, 29, 11, 21, 30, 28, 7, 24, 2, 20, 27, 17, 18, 10, 5, 19, 16, 25, 22, 9, 26, 1]
[5, 16, 22, 4, 9, 17, 8, 15, 0, 11, 3, 18, 21, 10, 14, 20, 2, 13, 6, 1, 12, 19, 7]
[26, 31, 36, 1, 0, 6, 8, 25, 16, 20, 37, 11, 34, 18, 29, 4, 35, 21, 28, 38, 33, 30, 32, 19, 14, 3, 7, 15, 22, 27, 12, 9, 17, 13, 10, 23, 5, 24, 2]
[0, 1, 2, 3, 9, 7, 13, 5, 8, 6, 14, 12, 4, 10, 11]
[9, 24, 14, 16, 22, 13, 4, 2, 3, 23, 25, 17, 21, 19, 20, 15, 5, 18, 26, 8, 10, 6, 12, 0, 7, 27, 1, 11]
[6, 9, 11, 0, 2, 8, 4, 3, 5, 7, 10, 1]
[1, 12, 2, 15, 13, 0, 9, 7, 11, 5, 6, 10, 14, 8, 4, 3]
[4, 0, 12, 18, 6, 7, 1, 16, 9, 19, 20, 21, 8, 11, 5, 14, 17, 3, 2, 10, 13, 15, 22]
[20, 22, 5, 0, 18, 19, 7, 23, 3, 8, 9, 14, 15, 4, 6, 21, 2, 13, 11, 12, 17, 1, 16, 10]