[15, 10, 16, 18, 0, 11, 1, 2, 20, 12, 21, 13, 4, 14, 6, 9, 3, 8, 19, 22, 7, 5, 23, 17]
[17, 2, 0, 18, 19, 1, 11, 8, 3, 5, 15, 9, 12, 6, 20, 4, 13, 14, 16, 21, 10, 7]
[11, 0, 3, 2, 12, 14, 7, 1, 8, 5, 13, 9, 4, 6, 10]
[8, 13, 2, 17, 0, 4, 10, 5, 16, 9, 3, 12, 1, 7, 6, 15, 14, 11]
[0, 7, 12, 23, 5, 4, 6, 33, 22, 11, 14, 25, 31, 20, 9, 21, 32, 30, 19, 24, 13, 17, 28, 27, 16, 18, 29, 15, 26, 8, 1, 2, 10, 3]
[7, 10, 2, 8, 12, 3, 14, 5, 0, 1, 6, 9, 4, 11, 13, 15]
[4, 7, 0, 12, 2, 6, 1, 11, 17, 10, 13, 9, 16, 5, 14, 3, 8, 15]
[3, 0, 10, 1, 13, 9, 12, 8, 5, 17, 14, 6, 16, 7, 15, 2, 11, 4]
[0, 1, 2, 4, 3, 5, 6]
[0, 13, 10, 1, 11, 21, 2, 5, 20, 8, 19, 15, 6, 3, 16, 9, 7, 17, 4, 12, 14, 18]
[0, 13, 4, 10, 8, 7, 11, 6, 2, 12, 14, 3, 9, 1, 5]
[24, 0, 1, 20, 15, 12, 8, 18, 25, 22, 23, 3, 7, 10, 9, 11, 26, 17, 21, 4, 2, 14, 19, 5, 6, 16, 13]
[4, 0, 20, 1, 5, 19, 8, 18, 21, 12, 24, 25, 13, 7, 6, 2, 22, 15, 16, 14, 17, 27, 10, 11, 3, 28, 9, 23, 26]
[13, 21, 9, 15, 19, 14, 11, 12, 10, 4, 5, 20, 6, 16, 17, 0, 18, 1, 3, 2, 22, 8, 7]
[0, 11, 5, 21, 1, 16, 13, 20, 23, 6, 10, 7, 14, 19, 4, 27, 12, 22, 9, 3, 2, 26, 24, 18, 8, 15, 25, 17]
[13, 0, 30, 37, 20, 3, 32, 35, 22, 15, 10, 23, 21, 36, 16, 19, 31, 24, 25, 4, 14, 1, 28, 34, 29, 11, 6, 8, 2, 5, 18, 27, 17, 33, 7, 12, 26, 9]
[1, 5, 0, 2, 3, 4, 6, 7]
[6, 11, 2, 0, 10, 5, 3, 1, 19, 23, 15, 16, 13, 18, 9, 20, 12, 7, 22, 14, 17, 8, 21, 4]
[10, 30, 29, 23, 12, 20, 11, 6, 1, 16, 2, 0, 18, 8, 19, 9, 15, 3, 14, 5, 25, 13, 4, 7, 17, 27, 24, 21, 26, 28, 22]
[1, 20, 3, 5, 4, 17, 0, 10, 24, 6, 22, 9, 15, 2, 21, 12, 8, 26, 7, 11, 19, 16, 23, 14, 13, 18, 25]
[1, 17, 15, 0, 2, 8, 3, 5, 21, 20, 19, 4, 7, 9, 14, 18, 16, 11, 6, 10, 12, 13]
[9, 1, 16, 0, 3, 11, 7, 15, 10, 2, 18, 8, 19, 5, 13, 12, 4, 17, 25, 24, 20, 6, 14, 21, 22, 23]
[0, 16, 34, 3, 32, 29, 5, 1, 25, 7, 18, 22, 24, 33, 30, 19, 15, 37, 13, 4, 23, 14, 26, 11, 10, 6, 35, 12, 9, 8, 2, 31, 36, 20, 28, 17, 21, 39, 27, 38]
[0, 3, 14, 1, 4, 13, 18, 7, 16, 8, 2, 15, 11, 9, 6, 17, 10, 5, 12]
[10, 15, 0, 18, 14, 12, 16, 6, 17, 7, 13, 8, 4, 19, 1, 21, 9, 2, 3, 11, 5, 20]
[10, 26, 0, 2, 23, 28, 4, 17, 12, 9, 5, 15, 13, 8, 22, 21, 18, 16, 1, 7, 29, 25, 24, 6, 3, 27, 11, 14, 20, 19]
[19, 6, 2, 4, 3, 23, 24, 1, 28, 13, 12, 16, 26, 20, 8, 5, 14, 11, 15, 31, 0, 21, 9, 29, 30, 22, 18, 17, 25, 7, 27, 10]
[0, 27, 5, 23, 12, 8, 4, 9, 28, 26, 13, 18, 3, 21, 6, 14, 22, 10, 1, 2, 20, 17, 7, 24, 16, 11, 19, 25, 15]
[0, 5, 15, 9, 4, 3, 8, 12, 13, 11, 14, 6, 7, 2, 10, 1]
[14, 0, 6, 24, 26, 9, 11, 22, 18, 10, 2, 23, 13, 4, 7, 21, 20, 5, 8, 19, 16, 3, 17, 15, 1, 25, 12]
[0, 11, 16, 13, 5, 20, 15, 25, 17, 12, 3, 22, 21, 29, 6, 24, 1, 2, 4, 7, 18, 26, 19, 8, 23, 9, 14, 10, 28, 27]
[9, 2, 11, 12, 13, 5, 10, 15, 7, 14, 4, 0, 6, 8, 3, 16, 1]
[23, 24, 8, 6, 19, 21, 10, 9, 11, 20, 15, 5, 0, 30, 4, 12, 17, 1, 29, 18, 3, 14, 28, 25, 2, 16, 13, 27, 22, 26, 7]
[2, 13, 14, 6, 3, 12, 11, 9, 0, 7, 4, 15, 17, 10, 16, 1, 18, 8, 5]
[17, 20, 13, 3, 14, 2, 0, 4, 6, 18, 1, 15, 9, 12, 8, 16, 5, 21, 11, 10, 7, 19]
[11, 4, 10, 0, 14, 1, 12, 5, 2, 7, 8, 6, 9, 13, 3]
[23, 8, 11, 0, 18, 14, 12, 24, 13, 2, 3, 17, 1, 4, 15, 25, 9, 10, 5, 6, 21, 16, 20, 22, 7, 19]
[7, 8, 1, 10, 3, 0, 4, 9, 2, 6, 5]
[0, 13, 7, 12, 4, 5, 9, 10, 14, 8, 15, 1, 11, 2, 3, 6]
[24, 11, 2, 33, 20, 29, 16, 9, 22, 0, 31, 18, 13, 26, 7, 10, 23, 21, 34, 19, 32, 3, 8, 4, 14, 27, 5, 28, 15, 25, 12, 6, 17, 30, 1]
[0, 19, 22, 1, 3, 2, 17, 23, 8, 16, 4, 15, 14, 13, 6, 5, 20, 7, 9, 18, 21, 10, 11, 12]
[0, 12, 13, 6, 4, 15, 14, 8, 23, 7, 21, 11, 29, 3, 17, 28, 27, 24, 30, 2, 10, 25, 18, 20, 16, 19, 5, 22, 9, 1, 26]
[16, 5, 22, 9, 4, 0, 8, 11, 15, 6, 17, 3, 19, 1, 12, 14, 21, 2, 20, 13, 18, 7, 10]
[26, 31, 36, 25, 16, 8, 11, 1, 18, 0, 34, 6, 35, 20, 37, 38, 21, 4, 30, 32, 28, 29, 19, 33, 22, 27, 15, 3, 9, 17, 14, 13, 12, 7, 23, 10, 5, 24, 2]
[3, 1, 0, 2, 9, 13, 5, 7, 6, 8, 14, 12, 10, 4, 11]
[9, 24, 14, 16, 3, 13, 4, 17, 15, 2, 22, 21, 5, 18, 23, 20, 19, 25, 8, 10, 26, 12, 0, 7, 6, 1, 27, 11]
[9, 0, 6, 11, 8, 2, 7, 4, 10, 3, 5, 1]
[1, 15, 0, 12, 2, 13, 7, 6, 10, 14, 9, 5, 11, 4, 8, 3]
[4, 0, 18, 1, 16, 20, 6, 7, 19, 12, 21, 9, 8, 5, 3, 14, 17, 2, 11, 10, 13, 15, 22]
[0, 5, 18, 22, 20, 7, 19, 8, 3, 23, 4, 9, 15, 6, 14, 13, 17, 2, 11, 21, 12, 1, 16, 10]