[15, 10, 21, 9, 11, 12, 16, 4, 1, 18, 0, 13, 20, 14, 3, 2, 17, 22, 5, 8, 19, 6, 23, 7]
[17, 11, 0, 1, 2, 18, 8, 6, 19, 13, 12, 3, 5, 15, 4, 9, 20, 16, 14, 21, 7, 10]
[11, 0, 3, 2, 14, 1, 12, 13, 5, 7, 8, 9, 4, 6, 10]
[17, 12, 5, 0, 16, 9, 3, 13, 10, 8, 14, 15, 7, 6, 2, 1, 4, 11]
[23, 12, 7, 0, 14, 25, 22, 33, 20, 31, 6, 21, 32, 13, 24, 26, 15, 19, 30, 28, 17, 11, 18, 29, 16, 27, 4, 8, 5, 9, 10, 1, 2, 3]
[3, 7, 10, 0, 2, 14, 5, 12, 6, 1, 8, 9, 4, 11, 15, 13]
[0, 4, 1, 2, 6, 12, 7, 11, 17, 10, 5, 9, 13, 16, 3, 14, 8, 15]
[0, 10, 5, 8, 3, 1, 6, 9, 13, 12, 16, 17, 7, 11, 14, 2, 15, 4]
[0, 1, 4, 2, 3, 5, 6]
[0, 8, 10, 11, 13, 1, 15, 2, 20, 5, 19, 16, 9, 21, 3, 4, 6, 7, 17, 12, 14, 18]
[0, 8, 4, 13, 7, 10, 11, 2, 14, 5, 6, 3, 12, 1, 9]
[0, 1, 23, 20, 3, 24, 7, 4, 10, 9, 8, 22, 25, 26, 14, 17, 2, 11, 15, 18, 12, 21, 19, 16, 6, 13, 5]
[1, 4, 0, 5, 20, 2, 21, 19, 24, 7, 13, 25, 12, 18, 8, 14, 22, 6, 10, 11, 17, 15, 16, 27, 9, 3, 23, 26, 28]
[21, 19, 9, 13, 15, 14, 10, 0, 5, 11, 12, 4, 1, 16, 20, 6, 17, 2, 18, 3, 22, 8, 7]
[0, 11, 1, 5, 21, 13, 16, 14, 10, 6, 12, 23, 7, 22, 19, 9, 27, 4, 2, 20, 3, 26, 24, 25, 18, 15, 8, 17]
[13, 21, 0, 32, 31, 30, 37, 23, 20, 36, 3, 4, 35, 15, 1, 22, 19, 10, 16, 2, 14, 24, 7, 25, 29, 28, 33, 11, 34, 12, 8, 17, 27, 18, 6, 26, 5, 9]
[5, 0, 1, 4, 2, 6, 3, 7]
[2, 6, 11, 0, 10, 23, 3, 15, 1, 5, 13, 19, 16, 9, 7, 18, 20, 12, 22, 21, 4, 17, 8, 14]
[10, 8, 1, 11, 2, 12, 18, 0, 6, 30, 16, 29, 9, 19, 20, 15, 5, 23, 4, 14, 13, 7, 3, 17, 25, 26, 24, 21, 27, 28, 22]
[0, 10, 5, 1, 6, 3, 20, 2, 11, 4, 15, 17, 22, 8, 12, 7, 24, 26, 16, 21, 9, 14, 23, 19, 13, 18, 25]
[2, 15, 9, 0, 1, 3, 17, 18, 20, 21, 4, 6, 5, 19, 8, 10, 7, 11, 14, 16, 12, 13]
[1, 9, 3, 11, 16, 0, 8, 10, 2, 7, 15, 5, 13, 6, 14, 18, 4, 12, 20, 17, 19, 24, 22, 21, 25, 23]
[0, 29, 3, 16, 34, 18, 1, 25, 13, 32, 7, 5, 24, 15, 22, 23, 19, 37, 4, 33, 30, 26, 10, 14, 6, 17, 35, 36, 11, 9, 31, 8, 27, 2, 12, 28, 20, 38, 21, 39]
[0, 14, 13, 7, 8, 16, 18, 4, 1, 3, 2, 15, 6, 10, 17, 9, 11, 5, 12]
[10, 18, 0, 15, 17, 13, 8, 6, 12, 1, 4, 19, 21, 16, 11, 7, 14, 3, 9, 2, 20, 5]
[10, 23, 12, 2, 17, 13, 0, 26, 8, 18, 28, 5, 15, 7, 4, 9, 22, 21, 3, 25, 16, 1, 14, 6, 24, 29, 11, 19, 20, 27]
[19, 6, 4, 3, 2, 24, 23, 12, 31, 5, 8, 1, 28, 13, 11, 16, 20, 14, 0, 26, 15, 25, 29, 18, 30, 9, 22, 21, 27, 17, 7, 10]
[0, 28, 23, 4, 27, 5, 12, 3, 13, 8, 26, 9, 1, 6, 7, 18, 11, 17, 22, 10, 20, 21, 2, 14, 19, 25, 24, 15, 16]
[0, 5, 9, 15, 3, 6, 8, 4, 13, 12, 11, 14, 10, 1, 7, 2]
[0, 9, 26, 14, 11, 24, 13, 18, 23, 10, 22, 5, 4, 8, 6, 21, 16, 7, 20, 17, 2, 3, 19, 15, 25, 12, 1]
[0, 11, 16, 13, 5, 4, 20, 12, 2, 14, 21, 19, 18, 25, 15, 3, 17, 22, 29, 1, 6, 24, 7, 8, 23, 10, 26, 9, 27, 28]
[9, 12, 11, 2, 10, 13, 7, 0, 5, 8, 15, 4, 14, 6, 3, 16, 1]
[24, 21, 23, 8, 0, 20, 19, 6, 29, 3, 11, 5, 10, 9, 17, 4, 14, 15, 12, 18, 30, 1, 2, 25, 16, 13, 28, 27, 22, 26, 7]
[13, 0, 6, 11, 9, 14, 12, 3, 2, 4, 7, 17, 16, 10, 1, 15, 18, 5, 8]
[20, 17, 13, 0, 3, 14, 4, 9, 2, 5, 6, 1, 16, 15, 12, 18, 8, 10, 11, 21, 19, 7]
[0, 4, 10, 5, 11, 14, 2, 12, 1, 9, 6, 13, 8, 7, 3]
[8, 23, 0, 11, 18, 24, 13, 25, 14, 12, 2, 4, 3, 15, 17, 1, 5, 16, 10, 9, 21, 19, 6, 20, 7, 22]
[7, 0, 1, 10, 8, 2, 3, 4, 9, 6, 5]
[0, 4, 13, 15, 14, 7, 12, 1, 10, 2, 9, 5, 8, 11, 3, 6]
[2, 11, 24, 33, 20, 16, 29, 9, 22, 18, 31, 10, 23, 13, 26, 0, 25, 12, 21, 34, 19, 32, 28, 15, 27, 14, 7, 4, 17, 30, 3, 5, 8, 6, 1]
[19, 1, 0, 22, 3, 16, 8, 5, 6, 17, 20, 4, 23, 15, 2, 13, 7, 18, 14, 9, 21, 11, 10, 12]
[6, 13, 0, 12, 15, 21, 28, 11, 8, 4, 23, 14, 29, 7, 3, 30, 24, 18, 22, 2, 17, 25, 20, 27, 16, 10, 5, 19, 9, 1, 26]
[22, 16, 5, 12, 19, 15, 1, 20, 13, 4, 2, 17, 11, 0, 8, 10, 21, 14, 9, 18, 3, 6, 7]
[36, 0, 25, 26, 31, 1, 8, 30, 27, 38, 35, 18, 20, 15, 4, 21, 16, 33, 37, 11, 6, 34, 9, 19, 29, 32, 17, 28, 3, 10, 22, 14, 7, 12, 13, 2, 23, 5, 24]
[0, 1, 2, 9, 3, 7, 5, 6, 13, 14, 8, 12, 10, 4, 11]
[14, 13, 9, 3, 4, 24, 2, 8, 16, 17, 22, 18, 23, 15, 21, 5, 25, 26, 20, 19, 7, 12, 0, 10, 6, 27, 1, 11]
[9, 6, 8, 11, 7, 10, 0, 4, 3, 2, 1, 5]
[1, 0, 12, 15, 13, 6, 14, 7, 2, 4, 8, 10, 9, 5, 11, 3]
[4, 1, 0, 16, 18, 19, 8, 6, 3, 5, 7, 13, 17, 2, 12, 10, 20, 9, 21, 11, 14, 15, 22]
[0, 18, 22, 23, 5, 7, 14, 19, 4, 20, 8, 13, 6, 3, 9, 15, 21, 2, 17, 12, 11, 1, 10, 16]