[11, 10, 15, 16, 18, 0, 1, 2, 14, 4, 9, 12, 21, 13, 20, 6, 5, 17, 7, 19, 3, 8, 22, 23]
[17, 0, 2, 18, 3, 1, 11, 6, 8, 9, 15, 20, 5, 12, 16, 19, 4, 13, 14, 21, 7, 10]
[0, 11, 3, 5, 13, 1, 2, 8, 12, 14, 9, 4, 7, 10, 6]
[8, 2, 10, 1, 9, 16, 0, 3, 4, 12, 13, 14, 17, 5, 7, 11, 6, 15]
[12, 23, 0, 7, 20, 31, 6, 4, 11, 22, 33, 5, 8, 14, 25, 15, 16, 26, 27, 9, 10, 13, 24, 17, 28, 18, 19, 21, 29, 30, 32, 1, 2, 3]
[7, 0, 2, 5, 12, 3, 9, 10, 8, 4, 1, 11, 6, 14, 15, 13]
[4, 0, 2, 7, 6, 1, 17, 10, 9, 11, 12, 15, 5, 3, 8, 16, 13, 14]
[0, 12, 3, 9, 1, 5, 10, 8, 13, 17, 6, 7, 14, 16, 4, 15, 2, 11]
[0, 1, 2, 4, 3, 5, 6]
[0, 2, 1, 8, 10, 13, 5, 11, 15, 17, 7, 19, 20, 6, 9, 16, 21, 12, 3, 4, 14, 18]
[0, 10, 13, 2, 7, 4, 5, 14, 1, 8, 11, 9, 12, 6, 3]
[0, 12, 25, 15, 20, 24, 1, 3, 11, 18, 22, 7, 8, 23, 9, 10, 19, 4, 17, 26, 13, 14, 21, 2, 6, 16, 5]
[4, 20, 0, 19, 21, 13, 25, 2, 7, 22, 24, 1, 8, 15, 17, 18, 5, 10, 6, 12, 14, 3, 11, 16, 9, 23, 26, 27, 28]
[15, 19, 21, 9, 5, 10, 13, 14, 6, 11, 4, 12, 0, 2, 3, 16, 17, 20, 1, 18, 8, 22, 7]
[0, 16, 5, 11, 2, 7, 13, 1, 21, 12, 23, 3, 9, 14, 27, 4, 6, 10, 19, 20, 22, 25, 26, 18, 24, 17, 15, 8]
[13, 32, 0, 37, 23, 24, 4, 10, 15, 16, 21, 30, 35, 36, 1, 19, 22, 29, 31, 20, 3, 14, 25, 26, 34, 12, 18, 2, 11, 17, 27, 6, 9, 28, 5, 8, 33, 7]
[0, 1, 2, 5, 3, 4, 6, 7]
[6, 0, 2, 11, 5, 23, 3, 10, 1, 16, 19, 22, 12, 15, 4, 9, 21, 20, 8, 13, 18, 17, 14, 7]
[10, 30, 0, 23, 8, 18, 25, 29, 1, 9, 11, 19, 20, 2, 12, 6, 16, 4, 14, 13, 7, 17, 3, 5, 15, 26, 27, 21, 28, 24, 22]
[4, 5, 20, 0, 22, 3, 7, 10, 17, 1, 6, 26, 2, 8, 16, 21, 24, 9, 15, 23, 14, 12, 19, 11, 13, 18, 25]
[1, 0, 2, 15, 17, 3, 7, 9, 5, 6, 20, 8, 14, 4, 12, 18, 21, 10, 19, 16, 11, 13]
[1, 9, 18, 2, 7, 10, 15, 16, 6, 14, 19, 0, 3, 5, 11, 13, 8, 17, 4, 12, 20, 24, 21, 22, 23, 25]
[0, 1, 16, 32, 15, 18, 34, 22, 29, 3, 7, 25, 5, 30, 13, 10, 4, 19, 23, 33, 37, 26, 6, 24, 11, 14, 17, 27, 35, 36, 38, 9, 31, 2, 12, 21, 8, 28, 20, 39]
[0, 4, 13, 14, 2, 3, 7, 18, 16, 1, 15, 17, 8, 11, 9, 12, 10, 6, 5]
[10, 13, 0, 18, 6, 15, 8, 12, 14, 17, 16, 7, 4, 21, 3, 9, 1, 5, 19, 11, 2, 20]
[28, 10, 26, 23, 0, 2, 13, 18, 22, 9, 15, 4, 5, 21, 8, 12, 17, 25, 3, 7, 19, 11, 14, 1, 24, 6, 16, 20, 27, 29]
[2, 3, 23, 4, 6, 11, 19, 0, 13, 28, 1, 20, 24, 5, 8, 12, 16, 22, 25, 26, 15, 31, 9, 14, 27, 29, 21, 7, 18, 17, 30, 10]
[0, 27, 28, 5, 12, 23, 26, 8, 13, 4, 9, 3, 6, 25, 21, 1, 11, 17, 10, 18, 22, 2, 7, 14, 24, 15, 20, 16, 19]
[5, 8, 0, 3, 9, 15, 4, 6, 11, 12, 13, 14, 2, 7, 1, 10]
[14, 24, 6, 0, 5, 8, 20, 22, 2, 4, 7, 9, 10, 11, 13, 16, 18, 26, 3, 17, 23, 19, 1, 21, 12, 25, 15]
[0, 16, 13, 1, 3, 5, 11, 17, 20, 25, 29, 6, 12, 15, 2, 4, 21, 22, 23, 24, 8, 7, 9, 18, 26, 10, 27, 14, 19, 28]
[0, 7, 9, 2, 4, 5, 11, 12, 13, 14, 6, 15, 8, 10, 3, 16, 1]
[23, 8, 9, 11, 20, 4, 6, 21, 24, 29, 5, 14, 19, 10, 15, 0, 3, 2, 12, 17, 18, 30, 25, 1, 27, 16, 28, 13, 22, 26, 7]
[0, 3, 6, 7, 9, 12, 13, 2, 4, 11, 14, 16, 10, 18, 1, 5, 17, 15, 8]
[0, 17, 4, 18, 20, 1, 2, 3, 13, 14, 6, 8, 9, 12, 16, 5, 15, 10, 11, 19, 21, 7]
[0, 10, 11, 4, 12, 1, 2, 14, 5, 9, 13, 6, 8, 3, 7]
[8, 23, 11, 18, 0, 1, 3, 13, 17, 24, 2, 14, 25, 5, 12, 9, 10, 15, 4, 21, 6, 16, 19, 22, 20, 7]
[7, 1, 2, 3, 4, 10, 0, 6, 8, 9, 5]
[0, 7, 8, 1, 4, 9, 13, 15, 3, 5, 12, 6, 10, 11, 14, 2]
[2, 11, 24, 20, 33, 0, 9, 22, 16, 29, 13, 18, 26, 31, 15, 28, 3, 4, 12, 19, 21, 25, 32, 34, 5, 10, 23, 14, 27, 6, 7, 8, 17, 30, 1]
[0, 1, 8, 19, 3, 22, 23, 6, 13, 15, 4, 2, 5, 16, 17, 7, 14, 20, 11, 10, 9, 12, 21, 18]
[12, 0, 13, 6, 15, 4, 18, 20, 11, 23, 29, 8, 10, 30, 21, 28, 3, 24, 19, 22, 2, 7, 14, 17, 27, 1, 16, 5, 9, 25, 26]
[9, 5, 8, 16, 22, 0, 3, 4, 11, 14, 15, 17, 18, 21, 2, 13, 20, 10, 6, 7, 1, 12, 19]
[26, 25, 16, 8, 31, 36, 0, 4, 6, 37, 1, 20, 35, 34, 11, 21, 29, 3, 30, 38, 18, 28, 33, 17, 19, 9, 14, 7, 32, 13, 12, 15, 27, 22, 5, 10, 24, 2, 23]
[2, 0, 7, 1, 5, 3, 6, 9, 14, 8, 13, 4, 11, 12, 10]
[9, 14, 16, 17, 25, 24, 4, 13, 22, 23, 2, 3, 8, 18, 21, 15, 20, 7, 12, 19, 5, 10, 0, 26, 6, 11, 1, 27]
[6, 9, 8, 11, 0, 2, 3, 4, 5, 7, 10, 1]
[1, 2, 12, 13, 0, 9, 15, 4, 6, 7, 10, 14, 5, 8, 11, 3]
[4, 6, 12, 18, 1, 7, 16, 0, 21, 8, 9, 11, 19, 20, 3, 17, 2, 13, 14, 5, 10, 15, 22]
[0, 5, 18, 20, 22, 23, 3, 7, 19, 8, 9, 15, 2, 4, 12, 13, 6, 17, 21, 14, 11, 1, 10, 16]