[10, 15, 0, 18, 11, 16, 1, 9, 21, 14, 4, 12, 2, 20, 13, 17, 6, 3, 19, 5, 7, 22, 8, 23]
[0, 17, 1, 2, 3, 18, 11, 8, 6, 4, 15, 13, 20, 9, 5, 12, 19, 16, 14, 7, 21, 10]
[11, 0, 3, 8, 5, 2, 14, 13, 1, 12, 7, 9, 4, 6, 10]
[8, 0, 10, 1, 16, 9, 3, 2, 13, 4, 17, 12, 5, 14, 7, 11, 15, 6]
[23, 12, 7, 0, 6, 31, 20, 33, 22, 15, 26, 11, 8, 25, 14, 24, 13, 4, 10, 17, 28, 18, 29, 16, 27, 5, 30, 19, 9, 32, 21, 1, 2, 3]
[0, 7, 2, 5, 12, 3, 9, 10, 8, 4, 6, 1, 14, 11, 13, 15]
[4, 6, 0, 7, 2, 17, 1, 9, 10, 11, 15, 12, 5, 13, 8, 14, 3, 16]
[0, 10, 9, 5, 12, 13, 3, 1, 17, 8, 16, 6, 14, 11, 7, 15, 4, 2]
[0, 2, 4, 1, 5, 3, 6]
[0, 8, 10, 2, 1, 13, 11, 5, 19, 7, 15, 17, 20, 6, 16, 9, 4, 21, 3, 12, 18, 14]
[0, 10, 8, 7, 13, 2, 4, 5, 14, 11, 6, 12, 1, 9, 3]
[0, 1, 23, 25, 12, 20, 15, 3, 24, 7, 8, 11, 4, 22, 18, 10, 17, 9, 26, 19, 13, 14, 21, 2, 16, 6, 5]
[4, 2, 20, 0, 21, 19, 13, 7, 25, 14, 22, 1, 6, 10, 17, 5, 18, 24, 8, 12, 15, 11, 3, 16, 9, 23, 27, 26, 28]
[15, 21, 19, 10, 9, 4, 13, 0, 14, 5, 11, 6, 3, 16, 12, 20, 17, 1, 2, 8, 18, 22, 7]
[0, 13, 5, 16, 11, 9, 1, 7, 21, 2, 3, 6, 4, 14, 27, 20, 23, 12, 10, 19, 22, 26, 25, 18, 24, 17, 15, 8]
[13, 0, 32, 37, 15, 21, 23, 4, 22, 19, 24, 35, 1, 10, 16, 31, 14, 25, 30, 36, 29, 34, 11, 3, 18, 20, 12, 2, 17, 9, 26, 27, 33, 7, 8, 28, 6, 5]
[0, 2, 5, 1, 4, 3, 6, 7]
[6, 0, 2, 11, 1, 16, 23, 9, 10, 3, 5, 15, 4, 21, 22, 19, 12, 20, 13, 18, 17, 8, 7, 14]
[0, 23, 10, 1, 11, 29, 25, 30, 20, 8, 18, 9, 19, 7, 17, 2, 12, 6, 16, 4, 14, 5, 15, 13, 3, 28, 21, 24, 26, 27, 22]
[10, 4, 0, 20, 5, 23, 6, 3, 22, 17, 7, 26, 1, 16, 2, 15, 24, 21, 14, 8, 9, 11, 19, 12, 13, 18, 25]
[1, 9, 15, 0, 2, 20, 3, 7, 17, 18, 6, 5, 4, 8, 21, 12, 14, 19, 10, 16, 13, 11]
[1, 9, 18, 7, 15, 16, 10, 2, 3, 11, 14, 6, 0, 13, 5, 8, 19, 22, 20, 24, 17, 21, 4, 12, 23, 25]
[32, 16, 0, 34, 29, 1, 18, 3, 25, 13, 15, 7, 22, 5, 33, 30, 17, 23, 4, 19, 37, 10, 26, 24, 11, 35, 6, 14, 36, 31, 27, 9, 2, 38, 8, 21, 28, 12, 20, 39]
[0, 14, 13, 7, 4, 18, 16, 2, 3, 8, 1, 15, 11, 17, 10, 9, 6, 12, 5]
[10, 0, 18, 13, 15, 12, 4, 6, 8, 21, 17, 3, 14, 7, 1, 16, 9, 19, 11, 5, 20, 2]
[10, 26, 28, 23, 13, 2, 0, 18, 22, 9, 5, 15, 17, 12, 4, 21, 25, 8, 1, 14, 6, 19, 16, 7, 3, 11, 20, 24, 29, 27]
[2, 24, 3, 23, 0, 13, 4, 19, 6, 20, 11, 8, 5, 28, 29, 25, 1, 16, 26, 12, 22, 31, 27, 15, 14, 9, 21, 18, 7, 17, 30, 10]
[0, 28, 12, 4, 13, 27, 5, 26, 23, 8, 3, 7, 9, 1, 17, 25, 10, 11, 21, 18, 6, 14, 22, 2, 20, 19, 24, 15, 16]
[0, 5, 8, 11, 9, 15, 3, 12, 6, 4, 13, 14, 1, 2, 7, 10]
[14, 24, 11, 10, 0, 5, 22, 6, 8, 13, 23, 9, 2, 26, 7, 18, 20, 21, 4, 16, 17, 19, 3, 1, 12, 15, 25]
[0, 16, 13, 20, 11, 1, 3, 17, 2, 5, 25, 12, 29, 15, 18, 4, 6, 23, 21, 22, 26, 24, 8, 7, 10, 14, 9, 19, 27, 28]
[9, 7, 0, 12, 10, 13, 2, 11, 5, 15, 4, 14, 6, 8, 3, 16, 1]
[23, 8, 20, 11, 24, 21, 6, 19, 29, 5, 3, 9, 14, 0, 12, 4, 15, 10, 18, 2, 17, 30, 25, 27, 16, 1, 13, 28, 22, 26, 7]
[13, 0, 3, 6, 14, 9, 11, 7, 12, 2, 10, 4, 17, 1, 16, 5, 18, 15, 8]
[0, 17, 20, 9, 14, 4, 16, 13, 18, 2, 3, 1, 12, 6, 8, 5, 15, 19, 21, 10, 11, 7]
[10, 4, 0, 11, 12, 5, 9, 2, 14, 1, 13, 6, 8, 7, 3]
[8, 13, 23, 11, 18, 3, 0, 12, 17, 25, 24, 14, 1, 2, 5, 15, 9, 4, 10, 21, 19, 16, 22, 6, 7, 20]
[7, 0, 10, 1, 3, 4, 8, 2, 6, 9, 5]
[0, 4, 7, 8, 15, 13, 1, 9, 5, 12, 11, 10, 3, 6, 14, 2]
[2, 11, 24, 22, 9, 0, 31, 18, 20, 33, 25, 12, 16, 29, 3, 26, 13, 15, 28, 23, 10, 21, 34, 32, 19, 4, 5, 8, 27, 14, 7, 6, 17, 30, 1]
[0, 19, 1, 8, 22, 3, 6, 13, 23, 16, 15, 7, 17, 4, 5, 2, 20, 10, 11, 18, 14, 9, 21, 12]
[6, 12, 13, 0, 23, 15, 29, 28, 21, 4, 30, 11, 18, 20, 24, 22, 8, 10, 3, 2, 27, 14, 17, 7, 19, 1, 26, 25, 16, 9, 5]
[22, 16, 5, 9, 8, 17, 10, 13, 20, 2, 15, 4, 0, 11, 3, 21, 14, 18, 7, 6, 12, 19, 1]
[16, 6, 26, 25, 8, 36, 1, 0, 33, 31, 4, 35, 21, 37, 34, 20, 29, 11, 3, 19, 18, 28, 38, 30, 9, 7, 17, 14, 32, 5, 13, 2, 12, 27, 22, 15, 24, 10, 23]
[2, 0, 7, 3, 9, 1, 5, 6, 14, 8, 13, 12, 10, 11, 4]
[9, 25, 17, 14, 16, 24, 13, 21, 4, 8, 18, 2, 22, 3, 26, 23, 7, 12, 15, 20, 5, 19, 6, 0, 10, 11, 1, 27]
[9, 6, 11, 8, 4, 7, 10, 0, 3, 5, 2, 1]
[1, 2, 12, 13, 4, 0, 7, 15, 6, 14, 10, 9, 11, 8, 5, 3]
[18, 12, 6, 4, 1, 16, 8, 0, 7, 9, 11, 19, 21, 20, 5, 17, 3, 2, 13, 10, 14, 15, 22]
[0, 5, 18, 22, 7, 23, 19, 20, 3, 8, 15, 9, 13, 4, 6, 14, 17, 12, 2, 1, 21, 11, 10, 16]