[15, 10, 12, 9, 21, 11, 16, 4, 0, 1, 18, 20, 13, 2, 3, 14, 5, 17, 22, 8, 6, 19, 23, 7]
[0, 2, 11, 17, 1, 8, 3, 12, 18, 5, 6, 19, 4, 15, 9, 13, 20, 16, 14, 7, 21, 10]
[11, 3, 0, 14, 2, 1, 12, 13, 5, 8, 7, 9, 4, 10, 6]
[5, 12, 17, 0, 3, 9, 16, 13, 10, 8, 7, 14, 2, 6, 15, 4, 1, 11]
[23, 12, 7, 0, 33, 22, 25, 14, 6, 20, 31, 32, 21, 19, 30, 24, 13, 11, 26, 15, 17, 28, 16, 27, 4, 29, 18, 5, 8, 9, 10, 1, 2, 3]
[7, 3, 10, 2, 0, 6, 8, 14, 9, 1, 5, 12, 4, 11, 15, 13]
[4, 0, 1, 6, 7, 12, 2, 11, 17, 5, 16, 13, 9, 10, 14, 8, 3, 15]
[0, 5, 10, 6, 3, 8, 13, 1, 17, 16, 12, 9, 11, 14, 7, 15, 2, 4]
[0, 2, 4, 1, 3, 5, 6]
[0, 10, 8, 13, 1, 15, 11, 20, 2, 19, 5, 21, 16, 9, 3, 6, 7, 17, 4, 12, 18, 14]
[8, 0, 13, 4, 10, 14, 7, 11, 2, 6, 5, 12, 3, 1, 9]
[0, 1, 23, 20, 3, 7, 24, 10, 8, 9, 25, 22, 11, 18, 14, 26, 4, 12, 21, 15, 2, 17, 19, 16, 13, 6, 5]
[4, 5, 1, 2, 7, 20, 21, 0, 19, 8, 22, 13, 18, 24, 12, 25, 10, 14, 11, 15, 6, 16, 9, 17, 3, 27, 23, 26, 28]
[15, 9, 13, 21, 19, 14, 10, 12, 11, 16, 5, 0, 17, 4, 18, 1, 6, 20, 3, 2, 8, 22, 7]
[0, 11, 1, 5, 6, 10, 21, 13, 14, 16, 7, 4, 12, 9, 23, 19, 2, 27, 3, 22, 20, 26, 24, 25, 18, 15, 8, 17]
[13, 21, 20, 0, 32, 23, 31, 30, 15, 14, 37, 3, 16, 36, 19, 22, 35, 4, 1, 10, 28, 25, 24, 7, 2, 29, 33, 12, 8, 11, 34, 18, 17, 27, 6, 26, 5, 9]
[0, 1, 5, 4, 3, 2, 6, 7]
[11, 2, 0, 6, 23, 3, 1, 15, 10, 5, 19, 16, 13, 9, 18, 12, 22, 20, 7, 21, 17, 8, 4, 14]
[10, 8, 11, 1, 18, 12, 16, 6, 2, 0, 29, 19, 9, 30, 20, 23, 5, 15, 14, 4, 13, 17, 7, 3, 25, 26, 21, 28, 27, 24, 22]
[0, 10, 5, 6, 20, 2, 3, 1, 15, 22, 4, 16, 17, 11, 26, 24, 8, 21, 9, 12, 7, 14, 23, 19, 13, 18, 25]
[2, 9, 15, 3, 1, 17, 0, 18, 21, 20, 4, 5, 8, 6, 7, 10, 14, 19, 11, 12, 16, 13]
[9, 1, 11, 3, 0, 16, 8, 15, 7, 2, 10, 18, 13, 5, 14, 6, 20, 4, 12, 17, 19, 22, 24, 21, 25, 23]
[0, 3, 16, 29, 34, 1, 18, 7, 13, 25, 5, 32, 4, 24, 15, 19, 23, 22, 33, 37, 30, 6, 26, 14, 10, 36, 17, 31, 11, 35, 9, 8, 27, 28, 2, 38, 21, 20, 12, 39]
[13, 7, 14, 0, 8, 1, 3, 16, 4, 18, 2, 9, 10, 6, 15, 11, 17, 12, 5]
[10, 0, 8, 18, 6, 15, 13, 12, 17, 4, 1, 7, 14, 16, 21, 11, 19, 9, 3, 2, 5, 20]
[23, 10, 2, 17, 12, 26, 0, 8, 28, 5, 7, 18, 13, 4, 22, 9, 15, 21, 3, 25, 24, 16, 29, 1, 6, 20, 19, 14, 27, 11]
[19, 6, 4, 3, 23, 2, 24, 31, 28, 12, 5, 8, 13, 1, 16, 11, 20, 26, 14, 0, 25, 15, 29, 30, 22, 18, 27, 9, 21, 17, 7, 10]
[0, 23, 28, 12, 4, 5, 13, 3, 27, 8, 9, 18, 7, 26, 11, 1, 6, 17, 22, 21, 14, 10, 20, 19, 2, 25, 24, 15, 16]
[0, 9, 5, 15, 13, 3, 14, 8, 4, 6, 12, 11, 1, 10, 2, 7]
[0, 26, 9, 24, 11, 14, 18, 23, 13, 5, 10, 22, 4, 6, 8, 21, 7, 20, 16, 17, 2, 3, 19, 25, 15, 12, 1]
[0, 16, 11, 20, 13, 5, 4, 25, 21, 2, 14, 12, 19, 18, 3, 22, 15, 29, 17, 1, 6, 7, 24, 23, 8, 10, 26, 9, 27, 28]
[9, 12, 11, 2, 7, 13, 0, 10, 5, 8, 15, 4, 6, 14, 3, 16, 1]
[24, 21, 23, 8, 0, 11, 3, 5, 10, 9, 19, 20, 29, 6, 12, 4, 14, 17, 15, 2, 18, 30, 1, 25, 13, 27, 16, 28, 22, 26, 7]
[0, 6, 9, 12, 11, 13, 3, 2, 4, 7, 14, 10, 17, 1, 5, 16, 15, 18, 8]
[17, 20, 13, 0, 3, 14, 9, 4, 5, 2, 1, 6, 16, 15, 18, 12, 8, 10, 11, 21, 19, 7]
[0, 4, 10, 11, 14, 5, 12, 2, 1, 9, 6, 13, 8, 7, 3]
[8, 0, 11, 23, 18, 13, 24, 14, 2, 25, 12, 15, 3, 1, 4, 17, 5, 16, 10, 9, 21, 19, 6, 7, 20, 22]
[7, 1, 0, 3, 2, 10, 8, 4, 6, 9, 5]
[0, 4, 7, 13, 1, 15, 14, 12, 8, 5, 9, 10, 2, 3, 11, 6]
[11, 24, 16, 29, 20, 33, 2, 22, 9, 18, 31, 23, 10, 26, 13, 0, 21, 34, 19, 32, 15, 28, 25, 12, 14, 27, 7, 4, 3, 5, 30, 17, 8, 6, 1]
[19, 1, 0, 3, 22, 16, 8, 17, 5, 23, 6, 4, 20, 15, 2, 13, 7, 14, 18, 9, 11, 21, 10, 12]
[6, 0, 13, 12, 15, 8, 28, 21, 11, 4, 7, 23, 3, 14, 30, 29, 2, 24, 18, 22, 17, 25, 20, 10, 9, 27, 16, 5, 19, 26, 1]
[5, 16, 22, 4, 15, 8, 11, 2, 17, 13, 20, 9, 0, 10, 3, 1, 14, 12, 19, 21, 18, 6, 7]
[0, 36, 25, 1, 26, 8, 20, 21, 18, 31, 16, 4, 35, 30, 15, 11, 27, 6, 19, 38, 33, 9, 34, 17, 37, 28, 32, 29, 3, 22, 10, 14, 13, 7, 12, 23, 2, 5, 24]
[9, 2, 0, 3, 5, 7, 1, 6, 13, 8, 14, 12, 10, 4, 11]
[14, 17, 23, 9, 13, 4, 18, 24, 25, 22, 16, 3, 8, 2, 21, 19, 26, 5, 20, 15, 7, 12, 10, 0, 6, 27, 11, 1]
[9, 6, 11, 8, 7, 10, 0, 4, 2, 3, 5, 1]
[1, 12, 6, 7, 0, 15, 13, 4, 14, 2, 10, 8, 5, 9, 11, 3]
[4, 1, 16, 0, 7, 8, 6, 18, 12, 19, 17, 5, 9, 13, 3, 2, 10, 20, 21, 11, 14, 15, 22]
[0, 5, 22, 4, 18, 7, 23, 8, 6, 20, 3, 19, 14, 9, 13, 2, 15, 21, 12, 17, 11, 1, 10, 16]