[0, 10, 18, 16, 2, 15, 14, 21, 12, 9, 1, 20, 3, 23, 7, 8, 6, 19, 5, 4, 11, 13, 17, 22]
[0, 17, 1, 18, 3, 2, 8, 6, 4, 9, 15, 11, 5, 12, 14, 7, 19, 21, 16, 20, 10, 13]
[11, 8, 0, 5, 3, 14, 2, 13, 7, 12, 1, 4, 9, 6, 10]
[8, 16, 10, 9, 3, 2, 1, 0, 4, 17, 12, 5, 13, 14, 7, 15, 6, 11]
[23, 12, 7, 0, 31, 20, 6, 11, 25, 14, 26, 15, 33, 22, 28, 17, 29, 18, 24, 13, 27, 16, 30, 19, 5, 32, 21, 4, 9, 3, 8, 1, 10, 2]
[7, 2, 3, 12, 8, 0, 10, 13, 6, 1, 5, 15, 11, 14, 4, 9]
[6, 4, 7, 10, 1, 11, 14, 5, 13, 15, 17, 12, 2, 16, 3, 9, 8, 0]
[0, 9, 13, 1, 12, 3, 5, 16, 14, 7, 8, 15, 10, 2, 4, 17, 6, 11]
[2, 0, 5, 1, 4, 3, 6]
[10, 8, 2, 0, 13, 5, 1, 7, 19, 11, 17, 9, 6, 15, 4, 18, 20, 3, 21, 16, 12, 14]
[0, 8, 7, 10, 1, 6, 14, 11, 12, 4, 3, 13, 9, 2, 5]
[25, 0, 1, 12, 11, 20, 23, 4, 22, 24, 5, 9, 8, 7, 26, 15, 10, 18, 19, 3, 2, 13, 6, 14, 17, 16, 21]
[4, 20, 0, 5, 1, 25, 13, 21, 18, 6, 17, 14, 7, 2, 15, 12, 24, 10, 28, 27, 3, 8, 23, 19, 11, 9, 22, 16, 26]
[15, 10, 4, 21, 19, 20, 9, 16, 14, 0, 6, 11, 13, 5, 3, 12, 1, 17, 2, 8, 22, 18, 7]
[0, 5, 16, 9, 7, 2, 11, 23, 13, 6, 20, 27, 4, 10, 19, 12, 18, 21, 3, 1, 25, 26, 8, 22, 17, 15, 14, 24]
[13, 0, 37, 15, 21, 19, 4, 32, 23, 22, 16, 1, 35, 10, 30, 26, 18, 2, 20, 31, 8, 27, 7, 34, 14, 6, 33, 25, 36, 29, 24, 5, 28, 3, 17, 11, 12, 9]
[2, 0, 6, 5, 4, 3, 1, 7]
[6, 2, 0, 16, 4, 12, 11, 5, 23, 14, 7, 17, 18, 22, 21, 10, 3, 20, 13, 15, 9, 19, 8, 1]
[0, 29, 11, 1, 23, 30, 25, 18, 8, 19, 9, 17, 7, 15, 5, 13, 16, 6, 12, 2, 14, 4, 28, 21, 3, 22, 10, 24, 27, 26, 20]
[10, 23, 20, 3, 11, 5, 13, 22, 26, 4, 24, 21, 7, 0, 16, 17, 1, 6, 2, 15, 12, 9, 8, 19, 14, 25, 18]
[1, 9, 7, 0, 20, 15, 17, 2, 3, 6, 5, 14, 16, 8, 13, 18, 12, 19, 11, 10, 21, 4]
[18, 9, 1, 14, 6, 15, 7, 11, 3, 10, 2, 24, 25, 13, 5, 16, 0, 12, 4, 22, 8, 20, 19, 21, 23, 17]
[1, 34, 12, 32, 13, 20, 18, 3, 8, 25, 4, 30, 29, 26, 6, 15, 37, 31, 39, 24, 14, 33, 27, 5, 16, 0, 10, 19, 35, 9, 17, 23, 22, 7, 38, 28, 2, 36, 11, 21]
[14, 0, 7, 18, 4, 16, 2, 13, 8, 1, 15, 17, 10, 3, 9, 5, 6, 12, 11]
[10, 18, 13, 0, 15, 12, 4, 6, 8, 17, 7, 3, 21, 14, 1, 16, 19, 11, 2, 20, 9, 5]
[10, 26, 28, 0, 23, 13, 22, 18, 2, 9, 15, 17, 12, 1, 21, 25, 5, 8, 19, 4, 6, 29, 16, 27, 11, 3, 7, 20, 24, 14]
[0, 2, 31, 1, 19, 9, 24, 12, 6, 28, 3, 23, 18, 20, 14, 5, 11, 4, 21, 30, 13, 26, 29, 25, 27, 15, 7, 22, 16, 17, 10, 8]
[0, 28, 23, 13, 8, 26, 5, 12, 9, 19, 4, 7, 6, 1, 27, 15, 3, 10, 17, 21, 18, 11, 24, 20, 2, 25, 22, 14, 16]
[5, 0, 11, 8, 15, 12, 3, 4, 13, 2, 7, 9, 6, 14, 10, 1]
[24, 22, 14, 10, 8, 6, 5, 2, 19, 18, 17, 16, 9, 4, 3, 0, 11, 7, 23, 20, 13, 25, 15, 26, 21, 12, 1]
[0, 16, 13, 29, 23, 17, 25, 5, 3, 12, 22, 1, 11, 27, 20, 7, 26, 10, 9, 4, 6, 18, 8, 19, 14, 2, 15, 21, 28, 24]
[9, 7, 0, 15, 14, 5, 4, 12, 11, 2, 6, 3, 13, 1, 8, 16, 10]
[23, 11, 19, 20, 6, 8, 21, 26, 12, 24, 3, 14, 9, 4, 15, 0, 5, 29, 30, 10, 18, 17, 22, 27, 1, 28, 13, 2, 16, 25, 7]
[3, 0, 6, 14, 10, 7, 13, 12, 11, 9, 2, 4, 18, 17, 16, 1, 15, 5, 8]
[0, 17, 20, 18, 14, 4, 9, 2, 13, 3, 16, 1, 12, 8, 10, 15, 7, 11, 21, 19, 5, 6]
[10, 4, 0, 12, 11, 9, 5, 2, 1, 13, 14, 6, 8, 7, 3]
[8, 13, 3, 18, 23, 17, 11, 0, 12, 2, 24, 15, 25, 6, 10, 21, 5, 7, 1, 22, 9, 16, 4, 14, 19, 20]
[7, 1, 0, 10, 4, 3, 9, 6, 2, 8, 5]
[13, 0, 4, 9, 6, 3, 7, 1, 2, 12, 14, 11, 10, 15, 5, 8]
[24, 22, 11, 9, 2, 0, 31, 18, 25, 12, 33, 20, 28, 15, 26, 13, 29, 16, 34, 21, 3, 32, 19, 23, 10, 27, 14, 4, 8, 5, 30, 17, 7, 6, 1]
[0, 19, 8, 1, 22, 3, 6, 23, 13, 16, 17, 15, 10, 5, 20, 11, 2, 14, 21, 9, 18, 7, 12, 4]
[12, 23, 13, 0, 6, 29, 30, 20, 24, 4, 18, 27, 10, 22, 3, 11, 25, 5, 9, 19, 14, 21, 17, 2, 8, 1, 26, 16, 15, 7, 28]
[9, 22, 16, 5, 17, 10, 8, 21, 18, 15, 14, 11, 4, 3, 0, 6, 20, 13, 2, 19, 12, 1, 7]
[16, 25, 6, 8, 26, 21, 5, 2, 20, 31, 34, 1, 37, 22, 38, 11, 12, 29, 32, 28, 27, 15, 3, 18, 4, 7, 13, 10, 33, 23, 36, 14, 0, 19, 17, 24, 30, 9, 35]
[2, 0, 7, 5, 1, 9, 10, 4, 6, 8, 11, 3, 12, 13, 14]
[9, 17, 25, 14, 13, 3, 4, 26, 23, 5, 21, 22, 1, 27, 24, 16, 19, 8, 18, 6, 2, 20, 11, 15, 10, 12, 7, 0]
[11, 9, 8, 6, 4, 10, 7, 5, 3, 2, 0, 1]
[2, 1, 13, 12, 9, 4, 0, 14, 7, 6, 8, 5, 11, 15, 3, 10]
[18, 16, 4, 8, 1, 12, 11, 9, 22, 7, 15, 17, 5, 0, 19, 21, 13, 3, 10, 2, 20, 14, 6]
[5, 0, 22, 18, 3, 23, 15, 7, 19, 6, 13, 17, 20, 8, 21, 1, 4, 14, 11, 9, 2, 16, 12, 10]